  0.10000000   0.02005504   0.05013759   0.20055036
  0.20000000   0.04011007   0.10027518   0.40110072
  0.30000000   0.06016511   0.15041277   0.60165108
  0.40000000   0.08022014   0.20055036   0.80220145
  0.50000000   0.10027518   0.25068795   1.00275181
  0.60000000   0.12033022   0.30082554   1.20330217
  0.70000000   0.14038525   0.35096313   1.40385253
  0.80000000   0.16044029   0.40110072   1.60440289
  0.90000000   0.18049533   0.45123831   1.80495325
  1.00000000   0.20055036   0.50137590   2.00550361
  1.10000000   0.22060540   0.55151349   2.20605398
  1.20000000   0.24066043   0.60165108   2.40660434
  1.30000000   0.26071547   0.65178867   2.60715470
  1.40000000   0.28077051   0.70192627   2.80770506
  1.50000000   0.30082554   0.75206386   3.00825542
  1.60000000   0.32088058   0.80220145   3.20880578
  1.70000000   0.34093561   0.85233904   3.40935614
  1.80000000   0.36099065   0.90247663   3.60990651
  1.90000000   0.38104569   0.95261422   3.81045687
  2.00000000   0.40110072   1.00275181   4.01100723
  2.10000000   0.42115576   1.05288940   4.21155759
  2.20000000   0.44121080   1.10302699   4.41210795
  2.30000000   0.46126583   1.15316458   4.61265831
  2.40000000   0.48132087   1.20330217   4.81320867
  2.50000000   0.50137590   1.25343976   5.01375904
  2.60000000   0.52143094   1.30357735   5.21430940
  2.70000000   0.54148598   1.35371494   5.41485976
  2.80000000   0.56154101   1.40385253   5.61541012
  2.90000000   0.58159605   1.45399012   5.81596048
  3.00000000   0.60165108   1.50412771   6.01651084
  3.10000000   0.62170612   1.55426530   6.21706120
  3.20000000   0.64176116   1.60440289   6.41761157
  3.30000000   0.66181619   1.65454048   6.61816193
  3.40000000   0.68187123   1.70467807   6.81871229
  3.50000000   0.70192627   1.75481566   7.01926265
  3.60000000   0.72198130   1.80495325   7.21981301
  3.70000000   0.74203634   1.85509084   7.42036337
  3.80000000   0.76209137   1.90522843   7.62091373
  3.90000000   0.78214641   1.95536602   7.82146410
  4.00000000   0.80220145   2.00550361   8.02201446
  4.10000000   0.82225648   2.05564120   8.22256482
  4.20000000   0.84231152   2.10577880   8.42311518
  4.30000000   0.86236655   2.15591639   8.62366554
  4.40000000   0.88242159   2.20605398   8.82421590
  4.50000000   0.90247663   2.25619157   9.02476626
  4.60000000   0.92253166   2.30632916   9.22531663
  4.70000000   0.94258670   2.35646675   9.42586699
  4.80000000   0.96264173   2.40660434   9.62641735
  4.90000000   0.98269677   2.45674193   9.82696771
  5.00000000   1.00275181   2.50687952  10.02751807
  5.10000000   1.02280684   2.55701711  10.22806843
  5.20000000   1.04286188   2.60715470  10.42861879
  5.30000000   1.06291692   2.65729229  10.62916916
  5.40000000   1.08297195   2.70742988  10.82971952
  5.50000000   1.10302699   2.75756747  11.03026988
  5.60000000   1.12308202   2.80770506  11.23082024
  5.70000000   1.14313706   2.85784265  11.43137060
  5.80000000   1.16319210   2.90798024  11.63192096
  5.90000000   1.18324713   2.95811783  11.83247132
  6.00000000   1.20330217   3.00825542  12.03302169
  6.10000000   1.22335720   3.05839301  12.23357205
  6.20000000   1.24341224   3.10853060  12.43412241
  6.30000000   1.26346728   3.15866819  12.63467277
  6.40000000   1.28352231   3.20880578  12.83522313
  6.50000000   1.30357735   3.25894337  13.03577349
  6.60000000   1.32363239   3.30908096  13.23632385
  6.70000000   1.34368742   3.35921855  13.43687422
  6.80000000   1.36374246   3.40935614  13.63742458
  6.90000000   1.38379749   3.45949373  13.83797494
  7.00000000   1.40385253   3.50963133  14.03852530
  7.10000000   1.42390757   3.55976892  14.23907566
  7.20000000   1.44396260   3.60990651  14.43962602
  7.30000000   1.46401764   3.66004410  14.64017638
  7.40000000   1.48407267   3.71018169  14.84072675
  7.50000000   1.50412771   3.76031928  15.04127711
  7.60000000   1.52418275   3.81045687  15.24182747
  7.70000000   1.54423778   3.86059446  15.44237783
  7.80000000   1.56429282   3.91073205  15.64292819
  7.90000000   1.58434786   3.96086964  15.84347855
  8.00000000   1.60440289   4.01100723  16.04402891
  8.10000000   1.62445793   4.06114482  16.24457928
  8.20000000   1.64451296   4.11128241  16.44512964
  8.30000000   1.66456800   4.16142000  16.64568000
  8.40000000   1.68462304   4.21155759  16.84623036
  8.50000000   1.70467807   4.26169518  17.04678072
  8.60000000   1.72473311   4.31183277  17.24733108
  8.70000000   1.74478814   4.36197036  17.44788144
  8.80000000   1.76484318   4.41210795  17.64843181
  8.90000000   1.78489822   4.46224554  17.84898217
  9.00000000   1.80495325   4.51238313  18.04953253
  9.10000000   1.82500829   4.56252072  18.25008289
  9.20000000   1.84506333   4.61265831  18.45063325
  9.30000000   1.86511836   4.66279590  18.65118361
  9.40000000   1.88517340   4.71293349  18.85173397
  9.50000000   1.90522843   4.76307108  19.05228434
  9.60000000   1.92528347   4.81320867  19.25283470
  9.70000000   1.94533851   4.86334626  19.45338506
  9.80000000   1.96539354   4.91348386  19.65393542
  9.90000000   1.98544858   4.96362145  19.85448578
 10.00000000   2.00550361   5.01375904  20.05503614
 10.10000000   2.02555865   5.06389663  20.25558650
 10.20000000   2.04561369   5.11403422  20.45613687
 10.30000000   2.06566872   5.16417181  20.65668723
 10.40000000   2.08572376   5.21430940  20.85723759
 10.50000000   2.10577880   5.26444699  21.05778795
 10.60000000   2.12583383   5.31458458  21.25833831
 10.70000000   2.14588887   5.36472217  21.45888867
 10.80000000   2.16594390   5.41485976  21.65943903
 10.90000000   2.18599894   5.46499735  21.85998940
 11.00000000   2.20605398   5.51513494  22.06053976
 11.10000000   2.22610901   5.56527253  22.26109012
 11.20000000   2.24616405   5.61541012  22.46164048
 11.30000000   2.26621908   5.66554771  22.66219084
 11.40000000   2.28627412   5.71568530  22.86274120
 11.50000000   2.30632916   5.76582289  23.06329156
 11.60000000   2.32638419   5.81596048  23.26384193
 11.70000000   2.34643923   5.86609807  23.46439229
 11.80000000   2.36649426   5.91623566  23.66494265
 11.90000000   2.38654930   5.96637325  23.86549301
 12.00000000   2.40660434   6.01651084  24.06604337
 12.10000000   2.42665937   6.06664843  24.26659373
 12.20000000   2.44671441   6.11678602  24.46714409
 12.30000000   2.46676945   6.16692361  24.66769446
 12.40000000   2.48682448   6.21706120  24.86824482
 12.50000000   2.50687952   6.26719879  25.06879518
 12.60000000   2.52693455   6.31733639  25.26934554
 12.70000000   2.54698959   6.36747398  25.46989590
 12.80000000   2.56704463   6.41761157  25.67044626
 12.90000000   2.58709966   6.46774916  25.87099662
 13.00000000   2.60715470   6.51788675  26.07154699
 13.10000000   2.62720973   6.56802434  26.27209735
 13.20000000   2.64726477   6.61816193  26.47264771
 13.30000000   2.66731981   6.66829952  26.67319807
 13.40000000   2.68737484   6.71843711  26.87374843
 13.50000000   2.70742988   6.76857470  27.07429879
 13.60000000   2.72748492   6.81871229  27.27484915
 13.70000000   2.74753995   6.86884988  27.47539952
 13.80000000   2.76759499   6.91898747  27.67594988
 13.90000000   2.78765002   6.96912506  27.87650024
 14.00000000   2.80770506   7.01926265  28.07705060
 14.10000000   2.82776010   7.06940024  28.27760096
 14.20000000   2.84781513   7.11953783  28.47815132
 14.30000000   2.86787017   7.16967542  28.67870168
 14.40000000   2.88792520   7.21981301  28.87925205
 14.50000000   2.90798024   7.26995060  29.07980241
 14.60000000   2.92803528   7.32008819  29.28035277
 14.70000000   2.94809031   7.37022578  29.48090313
 14.80000000   2.96814535   7.42036337  29.68145349
 14.90000000   2.98820039   7.47050096  29.88200385
 15.00000000   3.00825542   7.52063855  30.08255421
 15.10000000   3.02831046   7.57077614  30.28310458
 15.20000000   3.04836549   7.62091373  30.48365494
 15.30000000   3.06842053   7.67105132  30.68420530
 15.40000000   3.08847557   7.72118892  30.88475566
 15.50000000   3.10853060   7.77132651  31.08530602
 15.60000000   3.12858564   7.82146410  31.28585638
 15.70000000   3.14864067   7.87160169  31.48640674
 15.80000000   3.16869571   7.92173928  31.68695711
 15.90000000   3.18875075   7.97187687  31.88750747
 16.00000000   3.20880578   8.02201446  32.08805783
 16.10000000   3.22886082   8.07215205  32.28860819
 16.20000000   3.24891586   8.12228964  32.48915855
 16.30000000   3.26897089   8.17242723  32.68970891
 16.40000000   3.28902593   8.22256482  32.89025927
 16.50000000   3.30908096   8.27270241  33.09080964
 16.60000000   3.32913600   8.32284000  33.29136000
 16.70000000   3.34919104   8.37297759  33.49191036
 16.80000000   3.36924607   8.42311518  33.69246072
 16.90000000   3.38930111   8.47325277  33.89301108
 17.00000000   3.40935614   8.52339036  34.09356144
 17.10000000   3.42941118   8.57352795  34.29411180
 17.20000000   3.44946622   8.62366554  34.49466217
 17.30000000   3.46952125   8.67380313  34.69521253
 17.40000000   3.48957629   8.72394072  34.89576289
 17.50000000   3.50963133   8.77407831  35.09631325
 17.60000000   3.52968636   8.82421590  35.29686361
 17.70000000   3.54974140   8.87435349  35.49741397
 17.80000000   3.56979643   8.92449108  35.69796433
 17.90000000   3.58985147   8.97462867  35.89851470
 18.00000000   3.60990651   9.02476626  36.09906506
 18.10000000   3.62996154   9.07490385  36.29961542
 18.20000000   3.65001658   9.12504145  36.50016578
 18.30000000   3.67007161   9.17517904  36.70071614
 18.40000000   3.69012665   9.22531663  36.90126650
 18.50000000   3.71018169   9.27545422  37.10181686
 18.60000000   3.73023672   9.32559181  37.30236723
 18.70000000   3.75029176   9.37572940  37.50291759
 18.80000000   3.77034679   9.42586699  37.70346795
 18.90000000   3.79040183   9.47600458  37.90401831
 19.00000000   3.81045687   9.52614217  38.10456867
 19.10000000   3.83051190   9.57627976  38.30511903
 19.20000000   3.85056694   9.62641735  38.50566939
 19.30000000   3.87062198   9.67655494  38.70621976
 19.40000000   3.89067701   9.72669253  38.90677012
 19.50000000   3.91073205   9.77683012  39.10732048
 19.60000000   3.93078708   9.82696771  39.30787084
 19.70000000   3.95084212   9.87710530  39.50842120
 19.80000000   3.97089716   9.92724289  39.70897156
 19.90000000   3.99095219   9.97738048  39.90952192
 20.00000000   4.01100723  10.02751807  40.11007229
 20.10000000   4.03106226  10.07765566  40.31062265
 20.20000000   4.05111730  10.12779325  40.51117301
 20.30000000   4.07117234  10.17793084  40.71172337
 20.40000000   4.09122737  10.22806843  40.91227373
 20.50000000   4.11128241  10.27820602  41.11282409
 20.60000000   4.13133745  10.32834361  41.31337445
 20.70000000   4.15139248  10.37848120  41.51392482
 20.80000000   4.17144752  10.42861879  41.71447518
 20.90000000   4.19150255  10.47875638  41.91502554
 21.00000000   4.21155759  10.52889398  42.11557590
 21.10000000   4.23161263  10.57903157  42.31612626
 21.20000000   4.25166766  10.62916916  42.51667662
 21.30000000   4.27172270  10.67930675  42.71722698
 21.40000000   4.29177773  10.72944434  42.91777735
 21.50000000   4.31183277  10.77958193  43.11832771
 21.60000000   4.33188781  10.82971952  43.31887807
 21.70000000   4.35194284  10.87985711  43.51942843
 21.80000000   4.37199788  10.92999470  43.71997879
 21.90000000   4.39205292  10.98013229  43.92052915
 22.00000000   4.41210795  11.03026988  44.12107951
 22.10000000   4.43216299  11.08040747  44.32162988
 22.20000000   4.45221802  11.13054506  44.52218024
 22.30000000   4.47227306  11.18068265  44.72273060
 22.40000000   4.49232810  11.23082024  44.92328096
 22.50000000   4.51238313  11.28095783  45.12383132
 22.60000000   4.53243817  11.33109542  45.32438168
 22.70000000   4.55249320  11.38123301  45.52493204
 22.80000000   4.57254824  11.43137060  45.72548241
 22.90000000   4.59260328  11.48150819  45.92603277
 23.00000000   4.61265831  11.53164578  46.12658313
 23.10000000   4.63271335  11.58178337  46.32713349
 23.20000000   4.65276839  11.63192096  46.52768385
 23.30000000   4.67282342  11.68205855  46.72823421
 23.40000000   4.69287846  11.73219614  46.92878457
 23.50000000   4.71293349  11.78233373  47.12933494
 23.60000000   4.73298853  11.83247132  47.32988530
 23.70000000   4.75304357  11.88260891  47.53043566
 23.80000000   4.77309860  11.93274651  47.73098602
 23.90000000   4.79315364  11.98288410  47.93153638
 24.00000000   4.81320867  12.03302169  48.13208674
 24.10000000   4.83326371  12.08315928  48.33263710
 24.20000000   4.85331875  12.13329687  48.53318747
 24.30000000   4.87337378  12.18343446  48.73373783
 24.40000000   4.89342882  12.23357205  48.93428819
 24.50000000   4.91348386  12.28370964  49.13483855
 24.60000000   4.93353889  12.33384723  49.33538891
 24.70000000   4.95359393  12.38398482  49.53593927
 24.80000000   4.97364896  12.43412241  49.73648963
 24.90000000   4.99370400  12.48426000  49.93704000
 25.00000000   5.01375904  12.53439759  50.13759036
 25.10000000   5.03381407  12.58453518  50.33814072
 25.20000000   5.05386911  12.63467277  50.53869108
 25.30000000   5.07392414  12.68481036  50.73924144
 25.40000000   5.09397918  12.73494795  50.93979180
 25.50000000   5.11403422  12.78508554  51.14034216
 25.60000000   5.13408925  12.83522313  51.34089253
 25.70000000   5.15414429  12.88536072  51.54144289
 25.80000000   5.17419932  12.93549831  51.74199325
 25.90000000   5.19425436  12.98563590  51.94254361
 26.00000000   5.21430940  13.03577349  52.14309397
 26.10000000   5.23436443  13.08591108  52.34364433
 26.20000000   5.25441947  13.13604867  52.54419469
 26.30000000   5.27447451  13.18618626  52.74474506
 26.40000000   5.29452954  13.23632385  52.94529542
 26.50000000   5.31458458  13.28646144  53.14584578
 26.60000000   5.33463961  13.33659904  53.34639614
 26.70000000   5.35469465  13.38673663  53.54694650
 26.80000000   5.37474969  13.43687422  53.74749686
 26.90000000   5.39480472  13.48701181  53.94804722
 27.00000000   5.41485976  13.53714940  54.14859759
 27.10000000   5.43491479  13.58728699  54.34914795
 27.20000000   5.45496983  13.63742458  54.54969831
 27.30000000   5.47502487  13.68756217  54.75024867
 27.40000000   5.49507990  13.73769976  54.95079903
 27.50000000   5.51513494  13.78783735  55.15134939
 27.60000000   5.53518998  13.83797494  55.35189975
 27.70000000   5.55524501  13.88811253  55.55245012
 27.80000000   5.57530005  13.93825012  55.75300048
 27.90000000   5.59535508  13.98838771  55.95355084
 28.00000000   5.61541012  14.03852530  56.15410120
 28.10000000   5.63546516  14.08866289  56.35465156
 28.20000000   5.65552019  14.13880048  56.55520192
 28.30000000   5.67557523  14.18893807  56.75575228
 28.40000000   5.69563026  14.23907566  56.95630265
 28.50000000   5.71568530  14.28921325  57.15685301
 28.60000000   5.73574034  14.33935084  57.35740337
 28.70000000   5.75579537  14.38948843  57.55795373
 28.80000000   5.77585041  14.43962602  57.75850409
 28.90000000   5.79590545  14.48976361  57.95905445
 29.00000000   5.81596048  14.53990120  58.15960481
 29.10000000   5.83601552  14.59003879  58.36015518
 29.20000000   5.85607055  14.64017638  58.56070554
 29.30000000   5.87612559  14.69031397  58.76125590
 29.40000000   5.89618063  14.74045157  58.96180626
 29.50000000   5.91623566  14.79058916  59.16235662
 29.60000000   5.93629070  14.84072675  59.36290698
 29.70000000   5.95634573  14.89086434  59.56345734
 29.80000000   5.97640077  14.94100193  59.76400771
 29.90000000   5.99645581  14.99113952  59.96455807
 30.00000000   6.01651084  15.04127711  60.16510843
 30.10000000   6.03656588  15.09141470  60.36565879
 30.20000000   6.05662092  15.14155229  60.56620915
 30.30000000   6.07667595  15.19168988  60.76675951
 30.40000000   6.09673099  15.24182747  60.96730987
 30.50000000   6.11678602  15.29196506  61.16786024
 30.60000000   6.13684106  15.34210265  61.36841060
 30.70000000   6.15689610  15.39224024  61.56896096
 30.80000000   6.17695113  15.44237783  61.76951132
 30.90000000   6.19700617  15.49251542  61.97006168
 31.00000000   6.21706120  15.54265301  62.17061204
 31.10000000   6.23711624  15.59279060  62.37116240
 31.20000000   6.25717128  15.64292819  62.57171277
 31.30000000   6.27722631  15.69306578  62.77226313
 31.40000000   6.29728135  15.74320337  62.97281349
 31.50000000   6.31733639  15.79334096  63.17336385
 31.60000000   6.33739142  15.84347855  63.37391421
 31.70000000   6.35744646  15.89361614  63.57446457
 31.80000000   6.37750149  15.94375373  63.77501493
 31.90000000   6.39755653  15.99389132  63.97556530
 32.00000000   6.41761157  16.04402891  64.17611566
 32.10000000   6.43766660  16.09416650  64.37666602
 32.20000000   6.45772164  16.14430410  64.57721638
 32.30000000   6.47777667  16.19444169  64.77776674
 32.40000000   6.49783171  16.24457928  64.97831710
 32.50000000   6.51788675  16.29471687  65.17886746
 32.60000000   6.53794178  16.34485446  65.37941783
 32.70000000   6.55799682  16.39499205  65.57996819
 32.80000000   6.57805185  16.44512964  65.78051855
 32.90000000   6.59810689  16.49526723  65.98106891
 33.00000000   6.61816193  16.54540482  66.18161927
 33.10000000   6.63821696  16.59554241  66.38216963
 33.20000000   6.65827200  16.64568000  66.58271999
 33.30000000   6.67832704  16.69581759  66.78327036
 33.40000000   6.69838207  16.74595518  66.98382072
 33.50000000   6.71843711  16.79609277  67.18437108
 33.60000000   6.73849214  16.84623036  67.38492144
 33.70000000   6.75854718  16.89636795  67.58547180
 33.80000000   6.77860222  16.94650554  67.78602216
 33.90000000   6.79865725  16.99664313  67.98657252
 34.00000000   6.81871229  17.04678072  68.18712289
 34.10000000   6.83876732  17.09691831  68.38767325
 34.20000000   6.85882236  17.14705590  68.58822361
 34.30000000   6.87887740  17.19719349  68.78877397
 34.40000000   6.89893243  17.24733108  68.98932433
 34.50000000   6.91898747  17.29746867  69.18987469
 34.60000000   6.93904251  17.34760626  69.39042505
 34.70000000   6.95909754  17.39774385  69.59097542
 34.80000000   6.97915258  17.44788144  69.79152578
 34.90000000   6.99920761  17.49801903  69.99207614
 35.00000000   7.01926265  17.54815663  70.19262650
 35.10000000   7.03931769  17.59829422  70.39317686
 35.20000000   7.05937272  17.64843181  70.59372722
 35.30000000   7.07942776  17.69856940  70.79427758
 35.40000000   7.09948279  17.74870699  70.99482795
 35.50000000   7.11953783  17.79884458  71.19537831
 35.60000000   7.13959287  17.84898217  71.39592867
 35.70000000   7.15964790  17.89911976  71.59647903
 35.80000000   7.17970294  17.94925735  71.79702939
 35.90000000   7.19975798  17.99939494  71.99757975
 36.00000000   7.21981301  18.04953253  72.19813011
 36.10000000   7.23986805  18.09967012  72.39868048
 36.20000000   7.25992308  18.14980771  72.59923084
 36.30000000   7.27997812  18.19994530  72.79978120
 36.40000000   7.30003316  18.25008289  73.00033156
 36.50000000   7.32008819  18.30022048  73.20088192
 36.60000000   7.34014323  18.35035807  73.40143228
 36.70000000   7.36019826  18.40049566  73.60198264
 36.80000000   7.38025330  18.45063325  73.80253301
 36.90000000   7.40030834  18.50077084  74.00308337
 37.00000000   7.42036337  18.55090843  74.20363373
 37.10000000   7.44041841  18.60104602  74.40418409
 37.20000000   7.46047345  18.65118361  74.60473445
 37.30000000   7.48052848  18.70132120  74.80528481
 37.40000000   7.50058352  18.75145879  75.00583517
 37.50000000   7.52063855  18.80159638  75.20638554
 37.60000000   7.54069359  18.85173397  75.40693590
 37.70000000   7.56074863  18.90187156  75.60748626
 37.80000000   7.58080366  18.95200916  75.80803662
 37.90000000   7.60085870  19.00214675  76.00858698
 38.00000000   7.62091373  19.05228434  76.20913734
 38.10000000   7.64096877  19.10242193  76.40968770
 38.20000000   7.66102381  19.15255952  76.61023807
 38.30000000   7.68107884  19.20269711  76.81078843
 38.40000000   7.70113388  19.25283470  77.01133879
 38.50000000   7.72118892  19.30297229  77.21188915
 38.60000000   7.74124395  19.35310988  77.41243951
 38.70000000   7.76129899  19.40324747  77.61298987
 38.80000000   7.78135402  19.45338506  77.81354023
 38.90000000   7.80140906  19.50352265  78.01409060
 39.00000000   7.82146410  19.55366024  78.21464096
 39.10000000   7.84151913  19.60379783  78.41519132
 39.20000000   7.86157417  19.65393542  78.61574168
 39.30000000   7.88162920  19.70407301  78.81629204
 39.40000000   7.90168424  19.75421060  79.01684240
 39.50000000   7.92173928  19.80434819  79.21739276
 39.60000000   7.94179431  19.85448578  79.41794313
 39.70000000   7.96184935  19.90462337  79.61849349
 39.80000000   7.98190438  19.95476096  79.81904385
 39.90000000   8.00195942  20.00489855  80.01959421
 40.00000000   8.02201446  20.05503614  80.22014457
 40.10000000   8.04206949  20.10517373  80.42069493
 40.20000000   8.06212453  20.15531132  80.62124529
 40.30000000   8.08217957  20.20544891  80.82179566
 40.40000000   8.10223460  20.25558650  81.02234602
 40.50000000   8.12228964  20.30572409  81.22289638
 40.60000000   8.14234467  20.35586169  81.42344674
 40.70000000   8.16239971  20.40599928  81.62399710
 40.80000000   8.18245475  20.45613687  81.82454746
 40.90000000   8.20250978  20.50627446  82.02509782
 41.00000000   8.22256482  20.55641205  82.22564819
 41.10000000   8.24261985  20.60654964  82.42619855
 41.20000000   8.26267489  20.65668723  82.62674891
 41.30000000   8.28272993  20.70682482  82.82729927
 41.40000000   8.30278496  20.75696241  83.02784963
 41.50000000   8.32284000  20.80710000  83.22839999
 41.60000000   8.34289504  20.85723759  83.42895035
 41.70000000   8.36295007  20.90737518  83.62950072
 41.80000000   8.38300511  20.95751277  83.83005108
 41.90000000   8.40306014  21.00765036  84.03060144
 42.00000000   8.42311518  21.05778795  84.23115180
 42.10000000   8.44317022  21.10792554  84.43170216
 42.20000000   8.46322525  21.15806313  84.63225252
 42.30000000   8.48328029  21.20820072  84.83280288
 42.40000000   8.50333532  21.25833831  85.03335325
 42.50000000   8.52339036  21.30847590  85.23390361
 42.60000000   8.54344540  21.35861349  85.43445397
 42.70000000   8.56350043  21.40875108  85.63500433
 42.80000000   8.58355547  21.45888867  85.83555469
 42.90000000   8.60361051  21.50902626  86.03610505
 43.00000000   8.62366554  21.55916385  86.23665541
 43.10000000   8.64372058  21.60930144  86.43720578
 43.20000000   8.66377561  21.65943903  86.63775614
 43.30000000   8.68383065  21.70957662  86.83830650
 43.40000000   8.70388569  21.75971422  87.03885686
 43.50000000   8.72394072  21.80985181  87.23940722
 43.60000000   8.74399576  21.85998940  87.43995758
 43.70000000   8.76405079  21.91012699  87.64050794
 43.80000000   8.78410583  21.96026458  87.84105831
 43.90000000   8.80416087  22.01040217  88.04160867
 44.00000000   8.82421590  22.06053976  88.24215903
 44.10000000   8.84427094  22.11067735  88.44270939
 44.20000000   8.86432598  22.16081494  88.64325975
 44.30000000   8.88438101  22.21095253  88.84381011
 44.40000000   8.90443605  22.26109012  89.04436047
 44.50000000   8.92449108  22.31122771  89.24491084
 44.60000000   8.94454612  22.36136530  89.44546120
 44.70000000   8.96460116  22.41150289  89.64601156
 44.80000000   8.98465619  22.46164048  89.84656192
 44.90000000   9.00471123  22.51177807  90.04711228
 45.00000000   9.02476626  22.56191566  90.24766264
 45.10000000   9.04482130  22.61205325  90.44821300
 45.20000000   9.06487634  22.66219084  90.64876337
 45.30000000   9.08493137  22.71232843  90.84931373
 45.40000000   9.10498641  22.76246602  91.04986409
 45.50000000   9.12504145  22.81260361  91.25041445
 45.60000000   9.14509648  22.86274120  91.45096481
 45.70000000   9.16515152  22.91287879  91.65151517
 45.80000000   9.18520655  22.96301638  91.85206554
 45.90000000   9.20526159  23.01315397  92.05261590
 46.00000000   9.22531663  23.06329156  92.25316626
 46.10000000   9.24537166  23.11342915  92.45371662
 46.20000000   9.26542670  23.16356675  92.65426698
 46.30000000   9.28548173  23.21370434  92.85481734
 46.40000000   9.30553677  23.26384193  93.05536770
 46.50000000   9.32559181  23.31397952  93.25591807
 46.60000000   9.34564684  23.36411711  93.45646843
 46.70000000   9.36570188  23.41425470  93.65701879
 46.80000000   9.38575691  23.46439229  93.85756915
 46.90000000   9.40581195  23.51452988  94.05811951
 47.00000000   9.42586699  23.56466747  94.25866987
 47.10000000   9.44592202  23.61480506  94.45922023
 47.20000000   9.46597706  23.66494265  94.65977060
 47.30000000   9.48603210  23.71508024  94.86032096
 47.40000000   9.50608713  23.76521783  95.06087132
 47.50000000   9.52614217  23.81535542  95.26142168
 47.60000000   9.54619720  23.86549301  95.46197204
 47.70000000   9.56625224  23.91563060  95.66252240
 47.80000000   9.58630728  23.96576819  95.86307276
 47.90000000   9.60636231  24.01590578  96.06362313
 48.00000000   9.62641735  24.06604337  96.26417349
 48.10000000   9.64647238  24.11618096  96.46472385
 48.20000000   9.66652742  24.16631855  96.66527421
 48.30000000   9.68658246  24.21645614  96.86582457
 48.40000000   9.70663749  24.26659373  97.06637493
 48.50000000   9.72669253  24.31673132  97.26692529
 48.60000000   9.74674757  24.36686891  97.46747566
 48.70000000   9.76680260  24.41700650  97.66802602
 48.80000000   9.78685764  24.46714409  97.86857638
 48.90000000   9.80691267  24.51728168  98.06912674
 49.00000000   9.82696771  24.56741928  98.26967710
 49.10000000   9.84702275  24.61755687  98.47022746
 49.20000000   9.86707778  24.66769446  98.67077782
 49.30000000   9.88713282  24.71783205  98.87132819
 49.40000000   9.90718785  24.76796964  99.07187855
 49.50000000   9.92724289  24.81810723  99.27242891
 49.60000000   9.94729793  24.86824482  99.47297927
 49.70000000   9.96735296  24.91838241  99.67352963
 49.80000000   9.98740800  24.96852000  99.87407999
 49.90000000  10.00746304  25.01865759 100.07463035
 50.00000000  10.02751807  25.06879518 100.27518072
 50.10000000  10.04757311  25.11893277 100.47573108
 50.20000000  10.06762814  25.16907036 100.67628144
 50.30000000  10.08768318  25.21920795 100.87683180
 50.40000000  10.10773822  25.26934554 101.07738216
 50.50000000  10.12779325  25.31948313 101.27793252
 50.60000000  10.14784829  25.36962072 101.47848288
 50.70000000  10.16790332  25.41975831 101.67903325
 50.80000000  10.18795836  25.46989590 101.87958361
 50.90000000  10.20801340  25.52003349 102.08013397
 51.00000000  10.22806843  25.57017108 102.28068433
 51.10000000  10.24812347  25.62030867 102.48123469
 51.20000000  10.26817851  25.67044626 102.68178505
 51.30000000  10.28823354  25.72058385 102.88233541
 51.40000000  10.30828858  25.77072144 103.08288578
 51.50000000  10.32834361  25.82085903 103.28343614
 51.60000000  10.34839865  25.87099662 103.48398650
 51.70000000  10.36845369  25.92113421 103.68453686
 51.80000000  10.38850872  25.97127181 103.88508722
 51.90000000  10.40856376  26.02140940 104.08563758
 52.00000000  10.42861879  26.07154699 104.28618794
 52.10000000  10.44867383  26.12168458 104.48673831
 52.20000000  10.46872887  26.17182217 104.68728867
 52.30000000  10.48878390  26.22195976 104.88783903
 52.40000000  10.50883894  26.27209735 105.08838939
 52.50000000  10.52889398  26.32223494 105.28893975
 52.60000000  10.54894901  26.37237253 105.48949011
 52.70000000  10.56900405  26.42251012 105.69004047
 52.80000000  10.58905908  26.47264771 105.89059084
 52.90000000  10.60911412  26.52278530 106.09114120
 53.00000000  10.62916916  26.57292289 106.29169156
 53.10000000  10.64922419  26.62306048 106.49224192
 53.20000000  10.66927923  26.67319807 106.69279228
 53.30000000  10.68933426  26.72333566 106.89334264
 53.40000000  10.70938930  26.77347325 107.09389300
 53.50000000  10.72944434  26.82361084 107.29444337
 53.60000000  10.74949937  26.87374843 107.49499373
 53.70000000  10.76955441  26.92388602 107.69554409
 53.80000000  10.78960944  26.97402361 107.89609445
 53.90000000  10.80966448  27.02416120 108.09664481
 54.00000000  10.82971952  27.07429879 108.29719517
 54.10000000  10.84977455  27.12443638 108.49774553
 54.20000000  10.86982959  27.17457397 108.69829590
 54.30000000  10.88988463  27.22471156 108.89884626
 54.40000000  10.90993966  27.27484915 109.09939662
 54.50000000  10.92999470  27.32498674 109.29994698
 54.60000000  10.95004973  27.37512434 109.50049734
 54.70000000  10.97010477  27.42526193 109.70104770
 54.80000000  10.99015981  27.47539952 109.90159806
 54.90000000  11.01021484  27.52553711 110.10214843
 55.00000000  11.03026988  27.57567470 110.30269879
 55.10000000  11.05032491  27.62581229 110.50324915
 55.20000000  11.07037995  27.67594988 110.70379951
 55.30000000  11.09043499  27.72608747 110.90434987
 55.40000000  11.11049002  27.77622506 111.10490023
 55.50000000  11.13054506  27.82636265 111.30545059
 55.60000000  11.15060010  27.87650024 111.50600096
 55.70000000  11.17065513  27.92663783 111.70655132
 55.80000000  11.19071017  27.97677542 111.90710168
 55.90000000  11.21076520  28.02691301 112.10765204
 56.00000000  11.23082024  28.07705060 112.30820240
 56.10000000  11.25087528  28.12718819 112.50875276
 56.20000000  11.27093031  28.17732578 112.70930312
 56.30000000  11.29098535  28.22746337 112.90985349
 56.40000000  11.31104038  28.27760096 113.11040385
 56.50000000  11.33109542  28.32773855 113.31095421
 56.60000000  11.35115046  28.37787614 113.51150457
 56.70000000  11.37120549  28.42801373 113.71205493
 56.80000000  11.39126053  28.47815132 113.91260529
 56.90000000  11.41131557  28.52828891 114.11315565
 57.00000000  11.43137060  28.57842650 114.31370602
 57.10000000  11.45142564  28.62856409 114.51425638
 57.20000000  11.47148067  28.67870168 114.71480674
 57.30000000  11.49153571  28.72883927 114.91535710
 57.40000000  11.51159075  28.77897687 115.11590746
 57.50000000  11.53164578  28.82911446 115.31645782
 57.60000000  11.55170082  28.87925205 115.51700818
 57.70000000  11.57175585  28.92938964 115.71755855
 57.80000000  11.59181089  28.97952723 115.91810891
 57.90000000  11.61186593  29.02966482 116.11865927
 58.00000000  11.63192096  29.07980241 116.31920963
 58.10000000  11.65197600  29.12994000 116.51975999
 58.20000000  11.67203104  29.18007759 116.72031035
 58.30000000  11.69208607  29.23021518 116.92086071
 58.40000000  11.71214111  29.28035277 117.12141108
 58.50000000  11.73219614  29.33049036 117.32196144
 58.60000000  11.75225118  29.38062795 117.52251180
 58.70000000  11.77230622  29.43076554 117.72306216
 58.80000000  11.79236125  29.48090313 117.92361252
 58.90000000  11.81241629  29.53104072 118.12416288
 59.00000000  11.83247132  29.58117831 118.32471324
 59.10000000  11.85252636  29.63131590 118.52526361
 59.20000000  11.87258140  29.68145349 118.72581397
 59.30000000  11.89263643  29.73159108 118.92636433
 59.40000000  11.91269147  29.78172867 119.12691469
 59.50000000  11.93274651  29.83186626 119.32746505
 59.60000000  11.95280154  29.88200385 119.52801541
 59.70000000  11.97285658  29.93214144 119.72856577
 59.80000000  11.99291161  29.98227903 119.92911614
 59.90000000  12.01296665  30.03241662 120.12966650
 60.00000000  12.03302169  30.08255421 120.33021686
 60.10000000  12.05307672  30.13269180 120.53076722
 60.20000000  12.07313176  30.18282940 120.73131758
 60.30000000  12.09318679  30.23296699 120.93186794
 60.40000000  12.11324183  30.28310458 121.13241830
 60.50000000  12.13329687  30.33324217 121.33296867
 60.60000000  12.15335190  30.38337976 121.53351903
 60.70000000  12.17340694  30.43351735 121.73406939
 60.80000000  12.19346197  30.48365494 121.93461975
 60.90000000  12.21351701  30.53379253 122.13517011
 61.00000000  12.23357205  30.58393012 122.33572047
 61.10000000  12.25362708  30.63406771 122.53627083
 61.20000000  12.27368212  30.68420530 122.73682120
 61.30000000  12.29373716  30.73434289 122.93737156
 61.40000000  12.31379219  30.78448048 123.13792192
 61.50000000  12.33384723  30.83461807 123.33847228
 61.60000000  12.35390226  30.88475566 123.53902264
 61.70000000  12.37395730  30.93489325 123.73957300
 61.80000000  12.39401234  30.98503084 123.94012336
 61.90000000  12.41406737  31.03516843 124.14067373
 62.00000000  12.43412241  31.08530602 124.34122409
 62.10000000  12.45417744  31.13544361 124.54177445
 62.20000000  12.47423248  31.18558120 124.74232481
 62.30000000  12.49428752  31.23571879 124.94287517
 62.40000000  12.51434255  31.28585638 125.14342553
 62.50000000  12.53439759  31.33599397 125.34397589
 62.60000000  12.55445263  31.38613156 125.54452626
 62.70000000  12.57450766  31.43626915 125.74507662
 62.80000000  12.59456270  31.48640674 125.94562698
 62.90000000  12.61461773  31.53654433 126.14617734
 63.00000000  12.63467277  31.58668193 126.34672770
 63.10000000  12.65472781  31.63681952 126.54727806
 63.20000000  12.67478284  31.68695711 126.74782842
 63.30000000  12.69483788  31.73709470 126.94837879
 63.40000000  12.71489291  31.78723229 127.14892915
 63.50000000  12.73494795  31.83736988 127.34947951
 63.60000000  12.75500299  31.88750747 127.55002987
 63.70000000  12.77505802  31.93764506 127.75058023
 63.80000000  12.79511306  31.98778265 127.95113059
 63.90000000  12.81516810  32.03792024 128.15168095
 64.00000000  12.83522313  32.08805783 128.35223132
 64.10000000  12.85527817  32.13819542 128.55278168
 64.20000000  12.87533320  32.18833301 128.75333204
 64.30000000  12.89538824  32.23847060 128.95388240
 64.40000000  12.91544328  32.28860819 129.15443276
 64.50000000  12.93549831  32.33874578 129.35498312
 64.60000000  12.95555335  32.38888337 129.55553348
 64.70000000  12.97560838  32.43902096 129.75608385
 64.80000000  12.99566342  32.48915855 129.95663421
 64.90000000  13.01571846  32.53929614 130.15718457
 65.00000000  13.03577349  32.58943373 130.35773493
 65.10000000  13.05582853  32.63957132 130.55828529
 65.20000000  13.07588357  32.68970891 130.75883565
 65.30000000  13.09593860  32.73984650 130.95938601
 65.40000000  13.11599364  32.78998409 131.15993638
 65.50000000  13.13604867  32.84012168 131.36048674
 65.60000000  13.15610371  32.89025927 131.56103710
 65.70000000  13.17615875  32.94039686 131.76158746
 65.80000000  13.19621378  32.99053446 131.96213782
 65.90000000  13.21626882  33.04067205 132.16268818
 66.00000000  13.23632385  33.09080964 132.36323854
 66.10000000  13.25637889  33.14094723 132.56378891
 66.20000000  13.27643393  33.19108482 132.76433927
 66.30000000  13.29648896  33.24122241 132.96488963
 66.40000000  13.31654400  33.29136000 133.16543999
 66.50000000  13.33659904  33.34149759 133.36599035
 66.60000000  13.35665407  33.39163518 133.56654071
 66.70000000  13.37670911  33.44177277 133.76709107
 66.80000000  13.39676414  33.49191036 133.96764144
 66.90000000  13.41681918  33.54204795 134.16819180
 67.00000000  13.43687422  33.59218554 134.36874216
 67.10000000  13.45692925  33.64232313 134.56929252
 67.20000000  13.47698429  33.69246072 134.76984288
 67.30000000  13.49703932  33.74259831 134.97039324
 67.40000000  13.51709436  33.79273590 135.17094360
 67.50000000  13.53714940  33.84287349 135.37149397
 67.60000000  13.55720443  33.89301108 135.57204433
 67.70000000  13.57725947  33.94314867 135.77259469
 67.80000000  13.59731450  33.99328626 135.97314505
 67.90000000  13.61736954  34.04342385 136.17369541
 68.00000000  13.63742458  34.09356144 136.37424577
 68.10000000  13.65747961  34.14369903 136.57479613
 68.20000000  13.67753465  34.19383662 136.77534650
 68.30000000  13.69758969  34.24397421 136.97589686
 68.40000000  13.71764472  34.29411180 137.17644722
 68.50000000  13.73769976  34.34424939 137.37699758
 68.60000000  13.75775479  34.39438699 137.57754794
 68.70000000  13.77780983  34.44452458 137.77809830
 68.80000000  13.79786487  34.49466217 137.97864866
 68.90000000  13.81791990  34.54479976 138.17919903
 69.00000000  13.83797494  34.59493735 138.37974939
 69.10000000  13.85802997  34.64507494 138.58029975
 69.20000000  13.87808501  34.69521253 138.78085011
 69.30000000  13.89814005  34.74535012 138.98140047
 69.40000000  13.91819508  34.79548771 139.18195083
 69.50000000  13.93825012  34.84562530 139.38250119
 69.60000000  13.95830516  34.89576289 139.58305156
 69.70000000  13.97836019  34.94590048 139.78360192
 69.80000000  13.99841523  34.99603807 139.98415228
 69.90000000  14.01847026  35.04617566 140.18470264
 70.00000000  14.03852530  35.09631325 140.38525300
 70.10000000  14.05858034  35.14645084 140.58580336
 70.20000000  14.07863537  35.19658843 140.78635372
 70.30000000  14.09869041  35.24672602 140.98690409
 70.40000000  14.11874544  35.29686361 141.18745445
 70.50000000  14.13880048  35.34700120 141.38800481
 70.60000000  14.15885552  35.39713879 141.58855517
 70.70000000  14.17891055  35.44727638 141.78910553
 70.80000000  14.19896559  35.49741397 141.98965589
 70.90000000  14.21902063  35.54755156 142.19020625
 71.00000000  14.23907566  35.59768915 142.39075662
 71.10000000  14.25913070  35.64782674 142.59130698
 71.20000000  14.27918573  35.69796433 142.79185734
 71.30000000  14.29924077  35.74810192 142.99240770
 71.40000000  14.31929581  35.79823952 143.19295806
 71.50000000  14.33935084  35.84837711 143.39350842
 71.60000000  14.35940588  35.89851470 143.59405878
 71.70000000  14.37946091  35.94865229 143.79460915
 71.80000000  14.39951595  35.99878988 143.99515951
 71.90000000  14.41957099  36.04892747 144.19570987
 72.00000000  14.43962602  36.09906506 144.39626023
 72.10000000  14.45968106  36.14920265 144.59681059
 72.20000000  14.47973610  36.19934024 144.79736095
 72.30000000  14.49979113  36.24947783 144.99791131
 72.40000000  14.51984617  36.29961542 145.19846168
 72.50000000  14.53990120  36.34975301 145.39901204
 72.60000000  14.55995624  36.39989060 145.59956240
 72.70000000  14.58001128  36.45002819 145.80011276
 72.80000000  14.60006631  36.50016578 146.00066312
 72.90000000  14.62012135  36.55030337 146.20121348
 73.00000000  14.64017638  36.60044096 146.40176384
 73.10000000  14.66023142  36.65057855 146.60231421
 73.20000000  14.68028646  36.70071614 146.80286457
 73.30000000  14.70034149  36.75085373 147.00341493
 73.40000000  14.72039653  36.80099132 147.20396529
 73.50000000  14.74045157  36.85112891 147.40451565
 73.60000000  14.76050660  36.90126650 147.60506601
 73.70000000  14.78056164  36.95140409 147.80561637
 73.80000000  14.80061667  37.00154168 148.00616674
 73.90000000  14.82067171  37.05167927 148.20671710
 74.00000000  14.84072675  37.10181686 148.40726746
 74.10000000  14.86078178  37.15195445 148.60781782
 74.20000000  14.88083682  37.20209205 148.80836818
 74.30000000  14.90089185  37.25222964 149.00891854
 74.40000000  14.92094689  37.30236723 149.20946890
 74.50000000  14.94100193  37.35250482 149.41001927
 74.60000000  14.96105696  37.40264241 149.61056963
 74.70000000  14.98111200  37.45278000 149.81111999
 74.80000000  15.00116703  37.50291759 150.01167035
 74.90000000  15.02122207  37.55305518 150.21222071
 75.00000000  15.04127711  37.60319277 150.41277107
 75.10000000  15.06133214  37.65333036 150.61332143
 75.20000000  15.08138718  37.70346795 150.81387180
 75.30000000  15.10144222  37.75360554 151.01442216
 75.40000000  15.12149725  37.80374313 151.21497252
 75.50000000  15.14155229  37.85388072 151.41552288
 75.60000000  15.16160732  37.90401831 151.61607324
 75.70000000  15.18166236  37.95415590 151.81662360
 75.80000000  15.20171740  38.00429349 152.01717396
 75.90000000  15.22177243  38.05443108 152.21772433
 76.00000000  15.24182747  38.10456867 152.41827469
 76.10000000  15.26188250  38.15470626 152.61882505
 76.20000000  15.28193754  38.20484385 152.81937541
 76.30000000  15.30199258  38.25498144 153.01992577
 76.40000000  15.32204761  38.30511903 153.22047613
 76.50000000  15.34210265  38.35525662 153.42102649
 76.60000000  15.36215769  38.40539421 153.62157686
 76.70000000  15.38221272  38.45553180 153.82212722
 76.80000000  15.40226776  38.50566939 154.02267758
 76.90000000  15.42232279  38.55580698 154.22322794
 77.00000000  15.44237783  38.60594458 154.42377830
 77.10000000  15.46243287  38.65608217 154.62432866
 77.20000000  15.48248790  38.70621976 154.82487902
 77.30000000  15.50254294  38.75635735 155.02542939
 77.40000000  15.52259797  38.80649494 155.22597975
 77.50000000  15.54265301  38.85663253 155.42653011
 77.60000000  15.56270805  38.90677012 155.62708047
 77.70000000  15.58276308  38.95690771 155.82763083
 77.80000000  15.60281812  39.00704530 156.02818119
 77.90000000  15.62287316  39.05718289 156.22873155
 78.00000000  15.64292819  39.10732048 156.42928192
 78.10000000  15.66298323  39.15745807 156.62983228
 78.20000000  15.68303826  39.20759566 156.83038264
 78.30000000  15.70309330  39.25773325 157.03093300
 78.40000000  15.72314834  39.30787084 157.23148336
 78.50000000  15.74320337  39.35800843 157.43203372
 78.60000000  15.76325841  39.40814602 157.63258408
 78.70000000  15.78331344  39.45828361 157.83313445
 78.80000000  15.80336848  39.50842120 158.03368481
 78.90000000  15.82342352  39.55855879 158.23423517
 79.00000000  15.84347855  39.60869638 158.43478553
 79.10000000  15.86353359  39.65883397 158.63533589
 79.20000000  15.88358863  39.70897156 158.83588625
 79.30000000  15.90364366  39.75910915 159.03643661
 79.40000000  15.92369870  39.80924674 159.23698698
 79.50000000  15.94375373  39.85938433 159.43753734
 79.60000000  15.96380877  39.90952192 159.63808770
 79.70000000  15.98386381  39.95965951 159.83863806
 79.80000000  16.00391884  40.00979711 160.03918842
 79.90000000  16.02397388  40.05993470 160.23973878
 80.00000000  16.04402891  40.11007229 160.44028914
 80.10000000  16.06408395  40.16020988 160.64083951
 80.20000000  16.08413899  40.21034747 160.84138987
 80.30000000  16.10419402  40.26048506 161.04194023
 80.40000000  16.12424906  40.31062265 161.24249059
 80.50000000  16.14430410  40.36076024 161.44304095
 80.60000000  16.16435913  40.41089783 161.64359131
 80.70000000  16.18441417  40.46103542 161.84414167
 80.80000000  16.20446920  40.51117301 162.04469204
 80.90000000  16.22452424  40.56131060 162.24524240
 81.00000000  16.24457928  40.61144819 162.44579276
 81.10000000  16.26463431  40.66158578 162.64634312
 81.20000000  16.28468935  40.71172337 162.84689348
 81.30000000  16.30474438  40.76186096 163.04744384
 81.40000000  16.32479942  40.81199855 163.24799420
 81.50000000  16.34485446  40.86213614 163.44854457
 81.60000000  16.36490949  40.91227373 163.64909493
 81.70000000  16.38496453  40.96241132 163.84964529
 81.80000000  16.40501956  41.01254891 164.05019565
 81.90000000  16.42507460  41.06268650 164.25074601
 82.00000000  16.44512964  41.11282409 164.45129637
 82.10000000  16.46518467  41.16296168 164.65184673
 82.20000000  16.48523971  41.21309927 164.85239710
 82.30000000  16.50529475  41.26323686 165.05294746
 82.40000000  16.52534978  41.31337445 165.25349782
 82.50000000  16.54540482  41.36351204 165.45404818
 82.60000000  16.56545985  41.41364964 165.65459854
 82.70000000  16.58551489  41.46378723 165.85514890
 82.80000000  16.60556993  41.51392482 166.05569926
 82.90000000  16.62562496  41.56406241 166.25624963
 83.00000000  16.64568000  41.61420000 166.45679999
 83.10000000  16.66573503  41.66433759 166.65735035
 83.20000000  16.68579007  41.71447518 166.85790071
 83.30000000  16.70584511  41.76461277 167.05845107
 83.40000000  16.72590014  41.81475036 167.25900143
 83.50000000  16.74595518  41.86488795 167.45955179
 83.60000000  16.76601022  41.91502554 167.66010216
 83.70000000  16.78606525  41.96516313 167.86065252
 83.80000000  16.80612029  42.01530072 168.06120288
 83.90000000  16.82617532  42.06543831 168.26175324
 84.00000000  16.84623036  42.11557590 168.46230360
 84.10000000  16.86628540  42.16571349 168.66285396
 84.20000000  16.88634043  42.21585108 168.86340432
 84.30000000  16.90639547  42.26598867 169.06395469
 84.40000000  16.92645050  42.31612626 169.26450505
 84.50000000  16.94650554  42.36626385 169.46505541
 84.60000000  16.96656058  42.41640144 169.66560577
 84.70000000  16.98661561  42.46653903 169.86615613
 84.80000000  17.00667065  42.51667662 170.06670649
 84.90000000  17.02672569  42.56681421 170.26725685
 85.00000000  17.04678072  42.61695180 170.46780722
 85.10000000  17.06683576  42.66708939 170.66835758
 85.20000000  17.08689079  42.71722698 170.86890794
 85.30000000  17.10694583  42.76736457 171.06945830
 85.40000000  17.12700087  42.81750217 171.27000866
 85.50000000  17.14705590  42.86763976 171.47055902
 85.60000000  17.16711094  42.91777735 171.67110938
 85.70000000  17.18716597  42.96791494 171.87165975
 85.80000000  17.20722101  43.01805253 172.07221011
 85.90000000  17.22727605  43.06819012 172.27276047
 86.00000000  17.24733108  43.11832771 172.47331083
 86.10000000  17.26738612  43.16846530 172.67386119
 86.20000000  17.28744116  43.21860289 172.87441155
 86.30000000  17.30749619  43.26874048 173.07496191
 86.40000000  17.32755123  43.31887807 173.27551228
 86.50000000  17.34760626  43.36901566 173.47606264
 86.60000000  17.36766130  43.41915325 173.67661300
 86.70000000  17.38771634  43.46929084 173.87716336
 86.80000000  17.40777137  43.51942843 174.07771372
 86.90000000  17.42782641  43.56956602 174.27826408
 87.00000000  17.44788144  43.61970361 174.47881444
 87.10000000  17.46793648  43.66984120 174.67936481
 87.20000000  17.48799152  43.71997879 174.87991517
 87.30000000  17.50804655  43.77011638 175.08046553
 87.40000000  17.52810159  43.82025397 175.28101589
 87.50000000  17.54815663  43.87039156 175.48156625
 87.60000000  17.56821166  43.92052915 175.68211661
 87.70000000  17.58826670  43.97066674 175.88266697
 87.80000000  17.60832173  44.02080433 176.08321734
 87.90000000  17.62837677  44.07094192 176.28376770
 88.00000000  17.64843181  44.12107951 176.48431806
 88.10000000  17.66848684  44.17121710 176.68486842
 88.20000000  17.68854188  44.22135470 176.88541878
 88.30000000  17.70859691  44.27149229 177.08596914
 88.40000000  17.72865195  44.32162988 177.28651950
 88.50000000  17.74870699  44.37176747 177.48706987
 88.60000000  17.76876202  44.42190506 177.68762023
 88.70000000  17.78881706  44.47204265 177.88817059
 88.80000000  17.80887209  44.52218024 178.08872095
 88.90000000  17.82892713  44.57231783 178.28927131
 89.00000000  17.84898217  44.62245542 178.48982167
 89.10000000  17.86903720  44.67259301 178.69037203
 89.20000000  17.88909224  44.72273060 178.89092240
 89.30000000  17.90914728  44.77286819 179.09147276
 89.40000000  17.92920231  44.82300578 179.29202312
 89.50000000  17.94925735  44.87314337 179.49257348
 89.60000000  17.96931238  44.92328096 179.69312384
 89.70000000  17.98936742  44.97341855 179.89367420
 89.80000000  18.00942246  45.02355614 180.09422456
 89.90000000  18.02947749  45.07369373 180.29477493
 90.00000000  18.04953253  45.12383132 180.49532529
 90.10000000  18.06958756  45.17396891 180.69587565
 90.20000000  18.08964260  45.22410650 180.89642601
 90.30000000  18.10969764  45.27424409 181.09697637
 90.40000000  18.12975267  45.32438168 181.29752673
 90.50000000  18.14980771  45.37451927 181.49807709
 90.60000000  18.16986275  45.42465686 181.69862746
 90.70000000  18.18991778  45.47479445 181.89917782
 90.80000000  18.20997282  45.52493204 182.09972818
 90.90000000  18.23002785  45.57506963 182.30027854
 91.00000000  18.25008289  45.62520723 182.50082890
 91.10000000  18.27013793  45.67534482 182.70137926
 91.20000000  18.29019296  45.72548241 182.90192962
 91.30000000  18.31024800  45.77562000 183.10247999
 91.40000000  18.33030303  45.82575759 183.30303035
 91.50000000  18.35035807  45.87589518 183.50358071
 91.60000000  18.37041311  45.92603277 183.70413107
 91.70000000  18.39046814  45.97617036 183.90468143
 91.80000000  18.41052318  46.02630795 184.10523179
 91.90000000  18.43057822  46.07644554 184.30578215
 92.00000000  18.45063325  46.12658313 184.50633252
 92.10000000  18.47068829  46.17672072 184.70688288
 92.20000000  18.49074332  46.22685831 184.90743324
 92.30000000  18.51079836  46.27699590 185.10798360
 92.40000000  18.53085340  46.32713349 185.30853396
 92.50000000  18.55090843  46.37727108 185.50908432
 92.60000000  18.57096347  46.42740867 185.70963468
 92.70000000  18.59101850  46.47754626 185.91018505
 92.80000000  18.61107354  46.52768385 186.11073541
 92.90000000  18.63112858  46.57782144 186.31128577
 93.00000000  18.65118361  46.62795903 186.51183613
 93.10000000  18.67123865  46.67809662 186.71238649
 93.20000000  18.69129369  46.72823421 186.91293685
 93.30000000  18.71134872  46.77837180 187.11348721
 93.40000000  18.73140376  46.82850939 187.31403758
 93.50000000  18.75145879  46.87864698 187.51458794
 93.60000000  18.77151383  46.92878457 187.71513830
 93.70000000  18.79156887  46.97892217 187.91568866
 93.80000000  18.81162390  47.02905976 188.11623902
 93.90000000  18.83167894  47.07919735 188.31678938
 94.00000000  18.85173397  47.12933494 188.51733974
 94.10000000  18.87178901  47.17947253 188.71789011
 94.20000000  18.89184405  47.22961012 188.91844047
 94.30000000  18.91189908  47.27974771 189.11899083
 94.40000000  18.93195412  47.32988530 189.31954119
 94.50000000  18.95200916  47.38002289 189.52009155
 94.60000000  18.97206419  47.43016048 189.72064191
 94.70000000  18.99211923  47.48029807 189.92119227
 94.80000000  19.01217426  47.53043566 190.12174264
 94.90000000  19.03222930  47.58057325 190.32229300
 95.00000000  19.05228434  47.63071084 190.52284336
 95.10000000  19.07233937  47.68084843 190.72339372
 95.20000000  19.09239441  47.73098602 190.92394408
 95.30000000  19.11244944  47.78112361 191.12449444
 95.40000000  19.13250448  47.83126120 191.32504480
 95.50000000  19.15255952  47.88139879 191.52559517
 95.60000000  19.17261455  47.93153638 191.72614553
 95.70000000  19.19266959  47.98167397 191.92669589
 95.80000000  19.21272463  48.03181156 192.12724625
 95.90000000  19.23277966  48.08194915 192.32779661
 96.00000000  19.25283470  48.13208674 192.52834697
 96.10000000  19.27288973  48.18222433 192.72889733
 96.20000000  19.29294477  48.23236192 192.92944770
 96.30000000  19.31299981  48.28249951 193.12999806
 96.40000000  19.33305484  48.33263710 193.33054842
 96.50000000  19.35310988  48.38277470 193.53109878
 96.60000000  19.37316491  48.43291229 193.73164914
 96.70000000  19.39321995  48.48304988 193.93219950
 96.80000000  19.41327499  48.53318747 194.13274986
 96.90000000  19.43333002  48.58332506 194.33330023
 97.00000000  19.45338506  48.63346265 194.53385059
 97.10000000  19.47344009  48.68360024 194.73440095
 97.20000000  19.49349513  48.73373783 194.93495131
 97.30000000  19.51355017  48.78387542 195.13550167
 97.40000000  19.53360520  48.83401301 195.33605203
 97.50000000  19.55366024  48.88415060 195.53660239
 97.60000000  19.57371528  48.93428819 195.73715276
 97.70000000  19.59377031  48.98442578 195.93770312
 97.80000000  19.61382535  49.03456337 196.13825348
 97.90000000  19.63388038  49.08470096 196.33880384
 98.00000000  19.65393542  49.13483855 196.53935420
 98.10000000  19.67399046  49.18497614 196.73990456
 98.20000000  19.69404549  49.23511373 196.94045492
 98.30000000  19.71410053  49.28525132 197.14100529
 98.40000000  19.73415556  49.33538891 197.34155565
 98.50000000  19.75421060  49.38552650 197.54210601
 98.60000000  19.77426564  49.43566409 197.74265637
 98.70000000  19.79432067  49.48580168 197.94320673
 98.80000000  19.81437571  49.53593927 198.14375709
 98.90000000  19.83443075  49.58607686 198.34430745
 99.00000000  19.85448578  49.63621445 198.54485782
 99.10000000  19.87454082  49.68635204 198.74540818
 99.20000000  19.89459585  49.73648963 198.94595854
 99.30000000  19.91465089  49.78662723 199.14650890
 99.40000000  19.93470593  49.83676482 199.34705926
 99.50000000  19.95476096  49.88690241 199.54760962
 99.60000000  19.97481600  49.93704000 199.74815998
 99.70000000  19.99487103  49.98717759 199.94871035
 99.80000000  20.01492607  50.03731518 200.14926071
 99.90000000  20.03498111  50.08745277 200.34981107
100.00000000  20.05503614  50.13759036 200.55036143
